0 1 0
0 2 0
0 3 0
0 4 8.54079e-16
0 5 4.21978e-13
0 6 2.38453e-11
0 7 2.42712e-08
0 8 4.60666e-07
0 9 2.56848e-06
0 10 9.91434e-06
0 11 2.93187e-05
0 12 7.10649e-05
0 13 0.000147943
0 14 0.000273496
0 15 0.000460076
0 16 0.00071724
0 17 0.00105077
0 18 0.00146237
0 19 0.00194983
0 20 0.00250767
0 21 0.00312788
0 22 0.00380073
0 23 0.00451551
0 24 0.00526123
0 25 0.00602708
0 26 0.00680284
0 27 0.00757918
0 28 0.00834777
0 29 0.00910135
0 30 0.00983379
0 31 0.01054
0 32 0.0112161
0 33 0.0118587
0 34 0.0124658
0 35 0.0130356
0 36 0.0135674
0 37 0.0140607
0 38 0.0145156
0 39 0.0149327
0 40 0.0153126
0 41 0.0156564
0 42 0.0159653
0 43 0.0162408
0 44 0.0164842
0 45 0.016697
0 46 0.0168809
0 47 0.0170375
0 48 0.0171683
0 49 0.0172749
0 50 0.0173589
0 51 0.0174217
0 52 0.0174648
0 53 0.0174895
0 54 0.0174973
0 55 0.0174894
0 56 0.017467
0 57 0.0174312
0 58 0.0173832
0 59 0.0173239
0 60 0.0172544
0 61 0.0171755
0 62 0.0170882
0 63 0.0169931
0 64 0.0168911
0 65 0.0167829
0 66 0.016669
0 67 0.0165502
0 68 0.0164269
0 69 0.0162997
0 70 0.0161691
0 71 0.0160355
0 72 0.0158994
0 73 0.0157611
0 74 0.015621
0 75 0.0154795
0 76 0.0153367
0 77 0.0151931
0 78 0.0150488
0 79 0.0149042
0 80 0.0147593
0 81 0.0146145
0 82 0.0144699
0 83 0.0143256
0 84 0.0141819
0 85 0.0140388
0 86 0.0138966
0 87 0.0137552
0 88 0.0136148
0 89 0.0134756
0 90 0.0133375
0 91 0.0132007
0 92 0.0130652
0 93 0.0129312
0 94 0.0127985
0 95 0.0126674
0 96 0.0125378
0 97 0.0124098
0 98 0.0122834
0 99 0.0121586
0 100 0.0120355
0 101 0.011914
0 102 0.0117943
0 103 0.0116763
0 104 0.0115599
0 105 0.0114454
0 106 0.0113325
0 107 0.0112214
0 108 0.011112
0 109 0.0110044
0 110 0.0108984
0 111 0.0107942
0 112 0.0106918
0 113 0.010591
0 114 0.010492
0 115 0.0103946
0 116 0.010299
0 117 0.010205
0 118 0.0101127
0 119 0.010022
0 120 0.00993297
0 121 0.00984556
0 122 0.00975977
0 123 0.00967557
0 124 0.00959296
0 125 0.00951191
0 126 0.00943242
0 127 0.00935446
0 128 0.00927802
0 129 0.00920309
0 130 0.00912965
0 131 0.00905769
0 132 0.00898718
0 133 0.00891811
0 134 0.00885047
0 135 0.00878424
0 136 0.0087194
0 137 0.00865594
0 138 0.00859384
0 139 0.00853309
0 140 0.00847368
0 141 0.00841557
0 142 0.00835877
0 143 0.00830325
0 144 0.008249
0 145 0.00819601
0 146 0.00814426
0 147 0.00809373
0 148 0.00804441
0 149 0.00799629
0 150 0.00794934
0 151 0.00790357
0 152 0.00785895
0 153 0.00781547
0 154 0.00777311
0 155 0.00773187
0 156 0.00769172
0 157 0.00765266
0 158 0.00761467
0 159 0.00757774
0 160 0.00754186
0 161 0.007507
0 162 0.00747317
0 163 0.00744035
0 164 0.00740852
0 165 0.00737768
0 166 0.00734781
0 167 0.00731889
0 168 0.00729093
0 169 0.0072639
0 170 0.00723779
0 171 0.0072126
0 172 0.00718831
0 173 0.00716491
0 174 0.00714239
0 175 0.00712073
0 176 0.00709994
0 177 0.00707999
0 178 0.00706087
0 179 0.00704258
0 180 0.00702511
0 181 0.00700844
0 182 0.00699257
0 183 0.00697748
0 184 0.00696316
0 185 0.00694961
0 186 0.00693681
0 187 0.00692475
0 188 0.00691344
0 189 0.00690284
0 190 0.00689296
0 191 0.00688379
0 192 0.00687531
0 193 0.00686752
0 194 0.00686041
0 195 0.00685397
0 196 0.00684819
0 197 0.00684306
0 198 0.00683857
0 199 0.00683471
0 200 0.00683148
0 201 0.00682887
0 202 0.00682686
0 203 0.00682545
0 204 0.00682463
0 205 0.00682439
0 206 0.00682473
0 207 0.00682563
0 208 0.00682708
0 209 0.00682909
0 210 0.00683163
0 211 0.00683471
0 212 0.00683831
0 213 0.00684243
0 214 0.00684706
0 215 0.00685219
0 216 0.00685781
0 217 0.00686391
0 218 0.0068705
0 219 0.00687755
0 220 0.00688507
0 221 0.00689304
0 222 0.00690146
0 223 0.00691032
0 224 0.00691962
0 225 0.00692934
0 226 0.00693948
0 227 0.00695003
0 228 0.00696098
0 229 0.00697234
0 230 0.00698408
0 231 0.00699621
0 232 0.00700871
0 233 0.00702159
0 234 0.00703483
0 235 0.00704842
0 236 0.00706237
0 237 0.00707666
0 238 0.00709128
0 239 0.00710624
0 240 0.00712152
0 241 0.00713712
0 242 0.00715303
0 243 0.00716925
0 244 0.00718577
0 245 0.00720258
0 246 0.00721967
0 247 0.00723705
0 248 0.0072547
0 249 0.00727263
0 250 0.00729081
0 251 0.00730925
0 252 0.00732795
0 253 0.00734689
0 254 0.00736607
0 255 0.00738549
0 256 0.00740513
0 257 0.007425
0 258 0.00744509
0 259 0.00746539
0 260 0.0074859
0 261 0.00750661
0 262 0.00752752
0 263 0.00754862
0 264 0.00756991
0 265 0.00759138
0 266 0.00761302
0 267 0.00763484
0 268 0.00765682
0 269 0.00767897
0 270 0.00770127
0 271 0.00772373
0 272 0.00774633
0 273 0.00776907
0 274 0.00779196
0 275 0.00781498
0 276 0.00783812
0 277 0.0078614
0 278 0.00788479
0 279 0.0079083
0 280 0.00793192
0 281 0.00795565
0 282 0.00797948
0 283 0.00800341
0 284 0.00802743
0 285 0.00805155
0 286 0.00807575
0 287 0.00810003
0 288 0.0081244
0 289 0.00814883
0 290 0.00817334
0 291 0.00819792
0 292 0.00822256
0 293 0.00824726
0 294 0.00827202
0 295 0.00829683
0 296 0.00832169
0 297 0.00834659
0 298 0.00837154
0 299 0.00839652
0 300 0.00842154
0 301 0.00844659
0 302 0.00847167
0 303 0.00849678
0 304 0.0085219
0 305 0.00854705
0 306 0.00857221
0 307 0.00859739
0 308 0.00862257
0 309 0.00864776
0 310 0.00867296
0 311 0.00869816
0 312 0.00872335
0 313 0.00874854
0 314 0.00877372
0 315 0.00879889
0 316 0.00882405
0 317 0.00884919
0 318 0.00887432
0 319 0.00889942
0 320 0.0089245
0 321 0.00894956
0 322 0.00897458
0 323 0.00899958
0 324 0.00902454
0 325 0.00904946
0 326 0.00907435
0 327 0.0090992
0 328 0.009124
0 329 0.00914876
0 330 0.00917348
0 331 0.00919814
0 332 0.00922275
0 333 0.00924732
0 334 0.00927182
0 335 0.00929627
0 336 0.00932066
0 337 0.00934499
0 338 0.00936925
0 339 0.00939345
0 340 0.00941758
0 341 0.00944165
0 342 0.00946564
0 343 0.00948957
0 344 0.00951342
0 345 0.00953719
0 346 0.00956089
0 347 0.00958451
0 348 0.00960805
0 349 0.0096315
0 350 0.00965488
0 351 0.00967817
0 352 0.00970137
0 353 0.00972449
0 354 0.00974751
0 355 0.00977045
0 356 0.0097933
0 357 0.00981605
0 358 0.00983871
0 359 0.00986127
0 360 0.00988374
0 361 0.0099061
0 362 0.00992837
0 363 0.00995054
0 364 0.00997261
0 365 0.00999458
0 366 0.0100164
0 367 0.0100382
0 368 0.0100598
0 369 0.0100814
0 370 0.0101028
0 371 0.0101242
0 372 0.0101454
0 373 0.0101665
0 374 0.0101875
0 375 0.0102084
0 376 0.0102292
0 377 0.0102498
0 378 0.0102704
